 289 512 64 4
  0.  0. 0 0 0. 0. 0 0
  0.  0.
  1.  0.
  .5  .5
  1.  1.
  0.  1.
  .5  0.
  1.  .5
  .5  1.
  0.  .5
  .25  .25
  .75  .25
  .75  .75
  .25  .75
  .25  0.
  1.  .25
  .75  1.
  0.  .75
  .5  .25
  .75  .5
  .5  .75
  .25  .5
  0.  .25
  .75  0.
  1.  .75
  .25  1.
  .125  .125
  .875  .125
  .875  .875
  .125  .875
  .625  .125
  .875  .625
  .375  .875
  .125  .375
  .375  .375
  .625  .375
  .625  .625
  .375  .625
  .375  .125
  .875  .375
  .625  .875
  .125  .625
  .125  0.
  1.  .125
  .875  1.
  0.  .875
  .625  .25
  .75  .625
  .375  .75
  .25  .375
  .375  .25
  0.  .375
  .75  .375
  .625  0.
  .625  .75
  1.  .625
  .25  .625
  .375  1.
  .25  .125
  .875  .25
  .75  .875
  .125  .75
  .5  .375
  .5  .125
  .625  .5
  .875  .5
  .5  .625
  .5  .875
  .375  .5
  .125  .5
  .125  .25
  .75  .125
  .875  .75
  .25  .875
  0.  .125
  .875  0.
  1.  .875
  .125  1.
  .375  0.
  1.  .375
  .625  1.
  0.  .625
  .0625  .0625
  .9375  .0625
  .9375  .9375
  .0625  .9375
  .5625  .1875
  .8125  .5625
  .4375  .8125
  .1875  .4375
  .4375  .3125
  .0625  .4375
  .6875  .4375
  .5625  .0625
  .5625  .6875
  .9375  .5625
  .3125  .5625
  .4375  .9375
  .3125  .0625
  .9375  .3125
  .6875  .9375
  .0625  .6875
  .5625  .3125
  .4375  .1875
  .6875  .5625
  .8125  .4375
  .4375  .6875
  .5625  .8125
  .3125  .4375
  .1875  .5625
  .0625  .1875
  .8125  .0625
  .9375  .8125
  .1875  .9375
  .1875  .1875
  .8125  .1875
  .8125  .8125
  .1875  .8125
  .6875  .1875
  .8125  .6875
  .3125  .8125
  .1875  .3125
  .4375  .4375
  .3125  .3125
  .5625  .4375
  .6875  .3125
  .5625  .5625
  .6875  .6875
  .4375  .5625
  .3125  .6875
  .3125  .1875
  .8125  .3125
  .6875  .8125
  .1875  .6875
  .1875  .0625
  .9375  .1875
  .8125  .9375
  .0625  .8125
  .0625  .3125
  .6875  .0625
  .9375  .6875
  .3125  .9375
  .4375  .0625
  .9375  .4375
  .5625  .9375
  .0625  .5625
  .0625  0.
  1.  .0625
  .9375  1.
  0.  .9375
  .625  .1875
  .8125  .625
  .375  .8125
  .1875  .375
  .375  .3125
  0.  .4375
  .6875  .375
  .5625  0.
  .625  .6875
  1.  .5625
  .3125  .625
  .4375  1.
  .3125  .125
  .875  .3125
  .6875  .875
  .125  .6875
  .5625  .375
  .4375  .125
  .625  .5625
  .875  .4375
  .4375  .625
  .5625  .875
  .375  .4375
  .125  .5625
  .125  .1875
  .8125  .125
  .875  .8125
  .1875  .875
  .1875  .125
  0.  .1875
  .875  .1875
  .8125  0.
  .8125  .875
  1.  .8125
  .125  .8125
  .1875  1.
  .5625  .125
  .6875  .125
  .875  .5625
  .875  .6875
  .4375  .875
  .3125  .875
  .125  .4375
  .125  .3125
  .4375  .375
  .3125  .375
  .625  .4375
  .625  .3125
  .5625  .625
  .6875  .625
  .375  .5625
  .375  .6875
  .3125  0.
  .375  .1875
  1.  .3125
  .8125  .375
  .6875  1.
  .625  .8125
  0.  .6875
  .1875  .625
  .125  .0625
  .9375  .125
  .875  .9375
  .0625  .875
  .6875  .25
  .5625  .25
  .75  .6875
  .75  .5625
  .3125  .75
  .4375  .75
  .25  .3125
  .25  .4375
  .3125  .25
  .4375  .25
  .0625  .375
  .75  .3125
  .75  .4375
  .625  .0625
  .6875  .75
  .5625  .75
  .9375  .625
  .25  .6875
  .25  .5625
  .375  .9375
  .25  .1875
  .25  .0625
  .8125  .25
  .9375  .25
  .75  .8125
  .75  .9375
  .1875  .75
  .0625  .75
  .5  .4375
  .5  .3125
  .5  .0625
  .5  .1875
  .5625  .5
  .6875  .5
  .9375  .5
  .8125  .5
  .5  .5625
  .5  .6875
  .5  .9375
  .5  .8125
  .4375  .5
  .3125  .5
  .0625  .5
  .1875  .5
  .1875  .25
  .0625  .25
  .75  .1875
  .75  .0625
  .8125  .75
  .9375  .75
  .25  .8125
  .25  .9375
  .0625  .125
  .875  .0625
  .9375  .875
  .125  .9375
  .375  .0625
  .9375  .375
  .625  .9375
  .0625  .625
  0.  .0625
  .9375  0.
  1.  .9375
  .0625  1.
  .1875  0.
  1.  .1875
  .8125  1.
  0.  .8125
  0.  .3125
  .6875  0.
  1.  .6875
  .3125  1.
  .4375  0.
  1.  .4375
  .5625  1.
  0.  .5625
 1 146 82
 2 147 83
 4 148 84
 5 149 85
 150 46 86
 151 47 87
 152 48 88
 153 49 89
 50 90 154
 91 9 155
 52 92 156
 93 6 157
 54 94 158
 95 7 159
 56 96 160
 97 8 161
 98 162 58
 99 163 59
 100 164 60
 101 165 61
 102 166 62
 103 167 63
 104 168 64
 105 169 65
 106 170 66
 107 171 67
 108 172 68
 109 173 69
 110 174 70
 111 175 71
 112 176 72
 113 177 73
 178 58 114
 110 22 179
 180 59 115
 111 23 181
 182 60 116
 112 24 183
 184 61 117
 113 25 185
 186 63 93
 187 71 118
 188 65 95
 189 72 119
 190 67 97
 191 73 120
 192 69 91
 193 70 121
 194 62 122
 195 49 123
 196 64 124
 197 46 125
 198 66 126
 199 47 127
 200 68 128
 201 48 129
 98 14 202
 203 50 130
 99 15 204
 205 52 131
 100 16 206
 207 54 132
 101 17 208
 209 56 133
 42 134 210
 43 135 211
 44 136 212
 45 137 213
 46 118 214
 46 102 215
 47 119 216
 47 104 217
 48 120 218
 48 106 219
 49 121 220
 49 108 221
 50 123 222
 50 103 223
 51 138 224
 52 125 225
 52 105 226
 53 139 227
 54 127 228
 54 107 229
 55 140 230
 56 129 231
 56 109 232
 57 141 233
 58 130 234
 58 134 235
 59 131 236
 59 135 237
 60 132 238
 60 136 239
 61 133 240
 61 137 241
 62 124 242
 62 90 243
 63 142 244
 63 86 245
 64 126 246
 64 92 247
 65 143 248
 65 87 249
 66 128 250
 66 94 251
 67 144 252
 67 88 253
 68 122 254
 68 96 255
 69 145 256
 69 89 257
 70 114 258
 70 138 259
 71 115 260
 71 139 261
 72 116 262
 72 140 263
 73 117 264
 73 141 265
 74 82 266
 75 83 267
 76 84 268
 77 85 269
 78 142 270
 79 143 271
 80 144 272
 81 145 273
 82 210 26
 82 74 274
 83 211 27
 83 75 275
 84 212 28
 84 76 276
 85 213 29
 85 77 277
 86 215 18
 86 186 30
 87 217 19
 87 188 31
 88 219 20
 88 190 32
 89 221 21
 89 192 33
 90 223 18
 90 194 34
 91 224 33
 91 256 9
 92 226 19
 92 196 35
 93 227 30
 93 244 6
 94 229 20
 94 198 36
 95 230 31
 95 248 7
 96 232 21
 96 200 37
 97 233 32
 97 252 8
 98 235 14
 98 270 38
 99 237 15
 99 271 39
 100 239 16
 100 272 40
 101 241 17
 101 273 41
 102 243 18
 102 197 35
 103 245 18
 103 203 38
 104 247 19
 104 199 36
 105 249 19
 105 205 39
 106 251 20
 106 201 37
 107 253 20
 107 207 40
 108 255 21
 108 195 34
 109 257 21
 109 209 41
 110 259 22
 110 266 26
 111 261 23
 111 267 27
 112 263 24
 112 268 28
 113 265 25
 113 269 29
 114 234 10
 114 174 26
 115 236 11
 115 175 27
 116 238 12
 116 176 28
 117 240 13
 117 177 29
 118 260 11
 118 150 30
 119 262 12
 119 151 31
 120 264 13
 120 152 32
 121 258 10
 121 153 33
 122 242 3
 122 172 34
 123 220 10
 123 154 34
 124 246 3
 124 166 35
 125 214 11
 125 156 35
 126 250 3
 126 168 36
 127 216 12
 127 158 36
 128 254 3
 128 170 37
 129 218 13
 129 160 37
 130 222 10
 130 162 38
 131 225 11
 131 163 39
 132 228 12
 132 164 40
 133 231 13
 133 165 41
 134 42 278
 134 178 26
 135 43 279
 135 180 27
 136 44 280
 136 182 28
 137 45 281
 137 184 29
 138 51 282
 138 193 33
 139 53 283
 139 187 30
 140 55 284
 140 189 31
 141 57 285
 141 191 32
 142 167 38
 142 78 286
 143 169 39
 143 79 287
 144 171 40
 144 80 288
 145 173 41
 145 81 289
 146 42 82
 147 43 83
 148 44 84
 149 45 85
 150 86 30
 150 118 46
 151 87 31
 151 119 47
 152 88 32
 152 120 48
 153 89 33
 153 121 49
 154 90 34
 154 123 50
 155 51 91
 156 92 35
 156 125 52
 157 53 93
 158 94 36
 158 127 54
 159 55 95
 160 96 37
 160 129 56
 161 57 97
 162 98 38
 162 130 58
 163 99 39
 163 131 59
 164 100 40
 164 132 60
 165 101 41
 165 133 61
 166 102 35
 166 124 62
 167 103 38
 167 142 63
 168 104 36
 168 126 64
 169 105 39
 169 143 65
 170 106 37
 170 128 66
 171 107 40
 171 144 67
 172 108 34
 172 122 68
 173 109 41
 173 145 69
 174 110 26
 174 114 70
 175 111 27
 175 115 71
 176 112 28
 176 116 72
 177 113 29
 177 117 73
 178 114 26
 178 134 58
 179 74 110
 180 115 27
 180 135 59
 181 75 111
 182 116 28
 182 136 60
 183 76 112
 184 117 29
 184 137 61
 185 77 113
 186 93 30
 186 86 63
 187 118 30
 187 139 71
 188 95 31
 188 87 65
 189 119 31
 189 140 72
 190 97 32
 190 88 67
 191 120 32
 191 141 73
 192 91 33
 192 89 69
 193 121 33
 193 138 70
 194 122 34
 194 90 62
 195 123 34
 195 108 49
 196 124 35
 196 92 64
 197 125 35
 197 102 46
 198 126 36
 198 94 66
 199 127 36
 199 104 47
 200 128 37
 200 96 68
 201 129 37
 201 106 48
 202 78 98
 203 130 38
 203 103 50
 204 79 99
 205 131 39
 205 105 52
 206 80 100
 207 132 40
 207 107 54
 208 81 101
 209 133 41
 209 109 56
 210 134 26
 210 82 42
 211 135 27
 211 83 43
 212 136 28
 212 84 44
 213 137 29
 213 85 45
 214 118 11
 214 125 46
 215 102 18
 215 86 46
 216 119 12
 216 127 47
 217 104 19
 217 87 47
 218 120 13
 218 129 48
 219 106 20
 219 88 48
 220 121 10
 220 123 49
 221 108 21
 221 89 49
 222 123 10
 222 130 50
 223 103 18
 223 90 50
 224 138 33
 224 91 51
 225 125 11
 225 131 52
 226 105 19
 226 92 52
 227 139 30
 227 93 53
 228 127 12
 228 132 54
 229 107 20
 229 94 54
 230 140 31
 230 95 55
 231 129 13
 231 133 56
 232 109 21
 232 96 56
 233 141 32
 233 97 57
 234 130 10
 234 114 58
 235 134 14
 235 98 58
 236 131 11
 236 115 59
 237 135 15
 237 99 59
 238 132 12
 238 116 60
 239 136 16
 239 100 60
 240 133 13
 240 117 61
 241 137 17
 241 101 61
 242 124 3
 242 122 62
 243 90 18
 243 102 62
 244 142 6
 244 93 63
 245 86 18
 245 103 63
 246 126 3
 246 124 64
 247 92 19
 247 104 64
 248 143 7
 248 95 65
 249 87 19
 249 105 65
 250 128 3
 250 126 66
 251 94 20
 251 106 66
 252 144 8
 252 97 67
 253 88 20
 253 107 67
 254 122 3
 254 128 68
 255 96 21
 255 108 68
 256 145 9
 256 91 69
 257 89 21
 257 109 69
 258 114 10
 258 121 70
 259 138 22
 259 110 70
 260 115 11
 260 118 71
 261 139 23
 261 111 71
 262 116 12
 262 119 72
 263 140 24
 263 112 72
 264 117 13
 264 120 73
 265 141 25
 265 113 73
 266 82 26
 266 110 74
 267 83 27
 267 111 75
 268 84 28
 268 112 76
 269 85 29
 269 113 77
 270 142 38
 270 98 78
 271 143 39
 271 99 79
 272 144 40
 272 100 80
 273 145 41
 273 101 81
 274 1 82
 275 2 83
 276 4 84
 277 5 85
 278 14 134
 279 15 135
 280 16 136
 281 17 137
 282 22 138
 283 23 139
 284 24 140
 285 25 141
 286 6 142
 287 7 143
 288 8 144
 289 9 145
 1 146 1
 146 42 1
 42 278 1
 278 14 1
 14 202 1
 202 78 1
 78 286 1
 286 6 1
 6 157 1
 157 53 1
 53 283 1
 283 23 1
 23 181 1
 181 75 1
 75 275 1
 275 2 1
 2 147 2
 147 43 2
 43 279 2
 279 15 2
 15 204 2
 204 79 2
 79 287 2
 287 7 2
 7 159 2
 159 55 2
 55 284 2
 284 24 2
 24 183 2
 183 76 2
 76 276 2
 276 4 2
 4 148 3
 148 44 3
 44 280 3
 280 16 3
 16 206 3
 206 80 3
 80 288 3
 288 8 3
 8 161 3
 161 57 3
 57 285 3
 285 25 3
 25 185 3
 185 77 3
 77 277 3
 277 5 3
 5 149 4
 149 45 4
 45 281 4
 281 17 4
 17 208 4
 208 81 4
 81 289 4
 289 9 4
 9 155 4
 155 51 4
 51 282 4
 282 22 4
 22 179 4
 179 74 4
 74 274 4
 274 1 4
